[gd_scene load_steps=2 format=2]

[ext_resource path="res://Models/Robot/Robot.escn" type="PackedScene" id=1]

[node name="Robot" instance=ExtResource( 1 )]

[node name="RobotArmature" parent="." index="0"]
transform = Transform( 0.5, 0, 0, 0, 0.5, 0, 0, 0, 0.5, 0, 0, 0 )
bones/1/bound_children = [ NodePath("BoneAttachment002") ]
bones/2/bound_children = [ NodePath("BoneAttachment011") ]
bones/7/bound_children = [ NodePath("BoneAttachment004") ]
bones/8/bound_children = [ NodePath("BoneAttachment009") ]
bones/9/bound_children = [ NodePath("BoneAttachment") ]
bones/22/bound_children = [ NodePath("BoneAttachment010") ]
bones/23/bound_children = [ NodePath("BoneAttachment001") ]
bones/37/bound_children = [ NodePath("BoneAttachment005") ]
bones/38/bound_children = [ NodePath("BoneAttachment007") ]
bones/39/bound_children = [ NodePath("BoneAttachment003") ]
bones/41/bound_children = [ NodePath("BoneAttachment006") ]
bones/42/bound_children = [ NodePath("BoneAttachment008") ]

[node name="AnimationPlayer" parent="RobotArmature" index="0"]
autoplay = "Robot_Running"

[node name="BoneAttachment" parent="RobotArmature" index="1"]
transform = Transform( -0.0564262, 0.0120857, -0.998333, 0.0680234, 0.99765, 0.00823249, 0.996087, -0.0674447, -0.0571156, 0.666745, 2.43728, -0.0168432 )

[node name="ArmL" parent="RobotArmature/BoneAttachment" index="0"]
transform = Transform( -0.0656895, 0.0525771, 0.996453, 0.10077, 0.993855, -0.0457968, -0.992739, 0.0974038, -0.0705838, 0.0400112, -0.163376, 0.617577 )

[node name="BoneAttachment001" parent="RobotArmature" index="2"]
transform = Transform( -0.059884, -0.0283931, 0.997801, -0.264981, 0.964185, 0.0115335, -0.962391, -0.263708, -0.0652628, -0.738989, 2.43851, -0.0168432 )

[node name="ArmR" parent="RobotArmature/BoneAttachment001" index="0"]
transform = Transform( -0.00118008, -0.0644651, -0.217693, -0.0438732, 0.213657, -0.0630322, 0.222757, 0.0417393, -0.0135677, -0.0229083, 0.00509381, -0.409791 )

[node name="BoneAttachment002" parent="RobotArmature" index="3"]
transform = Transform( -1, 2.15749e-07, -2.93496e-07, 2.0612e-07, 0.999474, 0.0324216, 3.00337e-07, 0.0324217, -0.999474, 0.633527, 0.024694, -0.138034 )

[node name="BoneAttachment003" parent="RobotArmature" index="4"]
transform = Transform( -1, 1.64626e-06, -2.93497e-07, 1.63588e-06, 0.999474, 0.0324217, 3.46717e-07, 0.0324215, -0.999475, -0.640076, 0.024694, -0.138034 )

[node name="BoneAttachment004" parent="RobotArmature" index="7"]
transform = Transform( 0.999996, -5.63962e-05, 0.00280693, 0.00280538, -0.0187642, -0.99982, 0.000109056, 0.999824, -0.018764, 6.14762e-09, 3.03846, -0.0107013 )

[node name="Head" parent="RobotArmature/BoneAttachment004" index="0"]
transform = Transform( 0.999996, 0.00280534, 0.000109062, -5.63674e-05, -0.0187638, 0.999824, 0.00280694, -0.99982, -0.0187636, 0.0406179, 0.0670674, -0.335165 )

[node name="BoneAttachment005" parent="RobotArmature" index="8"]
transform = Transform( 1, -5.21525e-07, -2.88221e-08, -6.37748e-08, -0.176683, 0.984268, -5.18403e-07, -0.984274, -0.176683, 0.630296, 1.5368, -0.0698894 )

[node name="LegL" parent="RobotArmature/BoneAttachment005" index="0"]
transform = Transform( 0.999981, 0.00199891, 0.00578755, 0.0060775, -0.209273, -0.977831, -0.000743445, 0.977856, -0.209281, -0.00647306, 0.187741, -0.616836 )

[node name="BoneAttachment006" parent="RobotArmature" index="9"]
transform = Transform( 1, 4.47292e-07, -2.88221e-08, 1.07397e-07, -0.176683, 0.984268, 4.35164e-07, -0.984274, -0.176683, -0.643307, 1.5368, -0.0698895 )

[node name="LegR" parent="RobotArmature/BoneAttachment006" index="0"]
transform = Transform( 0.999981, 0.001871, 0.00586677, 0.00610587, -0.177769, -0.984027, -0.000798233, 0.984071, -0.177774, 0.00647932, 0.177481, -0.582784 )

[node name="BoneAttachment007" parent="RobotArmature" index="10"]
transform = Transform( 1, -2.54154e-07, 3.50088e-09, 4.47876e-08, 0.189744, 0.981834, -2.5019e-07, -0.98184, 0.189746, 0.630296, 0.935406, 0.0380651 )

[node name="LowerLegL" parent="RobotArmature/BoneAttachment007" index="0"]
transform = Transform( 0.999981, 0.00199893, 0.00578763, 0.00530049, 0.190558, -0.981655, -0.00306512, 0.981674, 0.19054, -0.00611609, -0.160538, -0.587648 )

[node name="BoneAttachment008" parent="RobotArmature" index="11"]
transform = Transform( 1, -2.01132e-07, -5.3216e-08, 9.04119e-08, 0.189744, 0.981834, -1.87384e-07, -0.98184, 0.189746, -0.643307, 0.935406, 0.038065 )

[node name="LowerLegR" parent="RobotArmature/BoneAttachment008" index="0"]
transform = Transform( 0.999981, 0.0018711, 0.00586647, 0.00540191, 0.190626, -0.981623, -0.002955, 0.981662, 0.1906, 0.00647932, -0.160471, -0.587657 )

[node name="BoneAttachment009" parent="RobotArmature" index="12"]
transform = Transform( -0.0262237, 2.39866e-07, -0.999656, -0.999656, -2.22027e-06, 0.0262235, -2.91318e-06, 0.999999, 3.12459e-07, 0.582738, 2.43949, -0.0168432 )

[node name="ShoulderL" parent="RobotArmature/BoneAttachment009" index="0"]
transform = Transform( -0.0259367, 0.999664, 4.36962e-08, -5.68434e-13, -4.37119e-08, 1, 0.999664, 0.0259367, 1.13371e-09, 0.0627744, -0.0193458, -0.139209 )

[node name="BoneAttachment010" parent="RobotArmature" index="13"]
transform = Transform( -0.00985826, -2.69916e-07, 0.999951, 0.999951, 7.59959e-07, 0.00985831, -1.02818e-06, 1, 2.61236e-07, -0.636816, 2.43952, -0.0168431 )

[node name="ShoulderR" parent="RobotArmature/BoneAttachment010" index="0"]
transform = Transform( -0.00985801, 0.999951, -1.1798e-06, -2.69271e-07, 1.21966e-06, 1, 0.999952, 0.0098581, 2.583e-07, -0.118316, -0.00415106, -0.0949789 )

[node name="BoneAttachment011" parent="RobotArmature" index="14"]
transform = Transform( 1, 7.15256e-07, 0, 0, 0, -1, -7.15256e-07, 1, 0, 0.00205059, 1.44057, 0.112672 )
